         1       0.45   0.835086   0.904271   0.868302
         2       0.52   0.733391   0.808464     0.7691
         3       0.77   0.768269   0.849248   0.806732
         4       0.82    0.67207   0.779386   0.721761
         5       0.51   0.855768   0.848682    0.85221
         6       0.64   0.789805   0.951948    0.86333
         7       0.31   0.827981   0.737505   0.780128
         8       0.76   0.694438   0.876206   0.774804
         9       0.35   0.796552   0.951386   0.867111
        10       0.45   0.897959   0.817481   0.855832
        11       0.27   0.658719   0.651776   0.655229
        12       0.64    0.83629   0.815855   0.825946
        13       0.81   0.861483   0.809187   0.834516
        14       0.73    0.83028   0.708595   0.764627
        15        0.9   0.714681   0.708876   0.711767
        16       0.35   0.729041   0.778199   0.752819
        17       0.41   0.741139   0.789527   0.764568
        18       0.62   0.865378   0.884553    0.87486
        19        0.7   0.580287    0.78894   0.668715
        20       0.61   0.767172   0.741601    0.75417
        21   0.879798   0.586931     0.7199   0.646651
        22       0.72   0.610524   0.651152   0.630184
        23       0.76   0.903081   0.936131   0.919309
        24       0.22   0.833389   0.837155   0.835267
        25       0.82   0.820328   0.923729   0.868963
        26   0.440707   0.861348   0.862029   0.861688
        27   0.660101   0.799515   0.892083   0.843266
        28       0.49    0.83499   0.926149   0.878211
        29       0.21   0.924804   0.859341   0.890871
        30        0.1   0.881072   0.818138   0.848439
        31       0.66   0.736974   0.939171   0.825877
        32       0.62   0.923135   0.916639   0.919876
        33       0.71   0.744307   0.956733   0.837256
        34       0.15   0.701838    0.78358    0.74046
        35       0.12   0.798705   0.803863   0.801276
        36        0.5   0.872197   0.791675   0.829988
        37       0.35   0.901965   0.851338   0.875921
        38       0.44   0.824118   0.851375   0.837525
        39        0.4    0.78306   0.762339   0.772561
        40        0.1   0.778268   0.744366   0.760939
        41       0.67    0.65689   0.635567   0.646052
        42       0.78     0.5763   0.879412   0.696298
        43       0.36   0.880192   0.823942   0.851139
        44       0.45   0.774239   0.736658   0.754981
        45       0.35   0.836883   0.875041   0.855537
        46       0.48   0.827867   0.843079   0.835404
        47       0.32   0.897761    0.84641    0.87133
        48       0.51   0.928122    0.92555   0.926834
        49       0.33   0.825036   0.725868   0.772281
        50       0.17   0.791272   0.755328   0.772882
        51       0.28   0.931318   0.869576   0.899388
        52        0.5   0.887996    0.88794   0.887968
        53       0.34   0.772094    0.73864   0.754997
        54       0.66    0.83144   0.852236    0.84171
        55       0.52   0.800922   0.840389   0.820181
        56   0.507172   0.847739   0.801258   0.823844
        57       0.84   0.772291   0.920479   0.839898
        58       0.85   0.779137    0.86357   0.819183
        59        0.7   0.821839   0.891051   0.855047
        60       0.21   0.761185   0.828833    0.79357
        61       0.75    0.79957   0.924242   0.857398
        62   0.928283   0.777446   0.846016   0.810283
        63       0.67   0.852639   0.933718   0.891339
        64       0.56   0.829707   0.774869   0.801351
        65   0.588586   0.853035    0.77212   0.810563
        66       0.84   0.826496   0.825785   0.826141
        67       0.59   0.864212   0.901807    0.88261
        68       0.06   0.823814   0.739373   0.779313
        69       0.69    0.92168   0.828065   0.872368
        70       0.54   0.922977   0.952862   0.937681
        71       0.45   0.640509   0.653219   0.646802
        72       0.63   0.692896   0.815266   0.749116
        73       0.26   0.868871   0.937204   0.901745
        74       0.53   0.827554   0.892344   0.858729
        75       0.15   0.848082   0.708954   0.772302
        76        0.5    0.90864   0.764168   0.830165
        77       0.52   0.891168   0.689585   0.777523
        78        0.5   0.943885   0.910552   0.926919
        79       0.19   0.783343   0.596749   0.677432
        80       0.81    0.78655   0.963409   0.866042
        81       0.56   0.811873   0.774217   0.792598
        82       0.22   0.880369   0.922709   0.901042
        83       0.63   0.813374   0.911041   0.859442
        84       0.45   0.941063   0.829631   0.881841
        85        0.5   0.782442   0.831239   0.806103
        86       0.23   0.886151   0.891123    0.88863
        87        0.4   0.885385   0.878176   0.881766
        88       0.32   0.784295   0.778377   0.781325
        89       0.54   0.663408   0.659578   0.661487
        90       0.53   0.755685    0.77844   0.766894
        91       0.74   0.827877   0.886851    0.85635
        92       0.71   0.625146    0.77543   0.692225
        93       0.51    0.85335   0.898006   0.875109
        94       0.09   0.838175    0.82931   0.833719
        95       0.66   0.856522   0.929098   0.891335
        96       0.17   0.911593   0.905202   0.908386
        97       0.53   0.881754   0.868132    0.87489
        98       0.39   0.884763    0.75167   0.812804
        99       0.53   0.814802   0.751349    0.78179
       100       0.31   0.890228   0.852462   0.870936
       101   0.423131   0.871931   0.798932   0.833837
       102       0.37    0.85329   0.868954   0.861051
       103       0.76   0.754979    0.94416   0.839038
       104       0.68   0.904124   0.906371   0.905246
       105        0.5    0.88083   0.880865   0.880847
       106       0.49   0.896334   0.813322   0.852813
       107       0.86    0.71236   0.791053   0.749647
       108       0.65   0.816473   0.916908   0.863781
       109       0.68   0.879887   0.831568   0.855046
       110       0.37   0.849738   0.934092   0.889921
       111       0.54    0.83905   0.941634   0.887387
       112       0.48   0.718247   0.741336   0.729609
       113       0.56   0.850978   0.835896    0.84337
       114       0.54   0.894266    0.90401   0.899112
       115       0.36   0.745414    0.82113   0.781442
       116       0.46   0.808008   0.848786   0.827895
       117       0.26   0.874768   0.881956   0.878348
       118        0.8   0.836345   0.911696   0.872396
       119       0.49   0.818766   0.796268    0.80736
       120       0.41   0.743791    0.80865   0.774865
       121       0.57   0.833523   0.798064   0.815408
       122       0.24   0.853115   0.841987   0.847514
       123       0.59   0.826531       0.76    0.79187
       124       0.59   0.483586   0.659413   0.557976
       125       0.53   0.843568   0.891542   0.866892
       126       0.25   0.876527   0.856418   0.866356
       127       0.51   0.772707   0.884615   0.824883
       128       0.46   0.947145   0.853815   0.898062
       129       0.46   0.890567   0.869365   0.879838
       130        0.2   0.891041   0.894338   0.892686
       131       0.06   0.727155   0.779342   0.752344
       132       0.48    0.82937   0.869584   0.849001
       133       0.41   0.777099   0.815301   0.795742
       134       0.79    0.81308   0.914603   0.860858
       135       0.24   0.851808   0.824353   0.837856
       136       0.56   0.710455   0.858286   0.777405
       137       0.53   0.778637   0.801353   0.789832
       138   0.863939   0.633788   0.867155    0.73233
       139       0.73   0.714765   0.965026   0.821253
       140       0.26   0.836883   0.796523   0.816205
       141       0.83   0.718936   0.826961   0.769174
       142       0.66   0.869623   0.846024   0.857661
       143       0.77   0.890985   0.909134   0.899968
       144       0.78   0.725584   0.826179   0.772621
       145       0.25   0.855142   0.790155   0.821365
       146       0.29   0.784484   0.757986   0.771008
       147       0.48   0.881371   0.870711   0.876009
       148       0.31   0.836692   0.796464   0.816083
       149       0.39    0.81369   0.760254   0.786065
       150       0.35   0.831559   0.766527    0.79772
       151       0.67   0.812209   0.871672   0.840891
       152        0.7   0.795353   0.929566   0.857238
       153       0.66   0.900613   0.952012     0.9256
       154       0.62   0.854871   0.849113   0.851982
       155       0.36   0.828775   0.800722   0.814507
       156       0.78   0.882983   0.898391   0.890621
       157       0.55   0.704025   0.863965   0.775838
       158       0.68    0.86717   0.936722   0.900605
       159        0.5    0.87243   0.906795   0.889281
       160       0.44   0.887634    0.82243   0.853789
       161       0.75   0.667251   0.776159   0.717597
       162       0.32   0.810119   0.960802    0.87905
       163       0.25   0.901148   0.942658   0.921436
       164       0.51   0.752939   0.856875   0.801552
       165        0.7   0.694294   0.809886   0.747649
       166       0.49   0.887272   0.901704    0.89443
       167        0.6   0.566043   0.871588   0.686346
       168   0.903535   0.780609   0.722666   0.750521
       169   0.635152   0.591336   0.694894   0.638946
       170       0.88   0.841736   0.905254   0.872341
       171        0.3   0.814488   0.679322    0.74079
       172       0.81   0.688604   0.440514   0.537304
       173       0.31   0.887353   0.790895   0.836352
       174       0.82   0.605956   0.823492   0.698172
       175       0.38   0.836874   0.895644   0.865262
       176       0.55   0.882113   0.956897   0.917984
       177       0.42   0.873026   0.856579   0.864724
       178       0.48   0.868994   0.775436   0.819553
       179       0.53   0.826635   0.911437   0.866967
       180       0.54   0.844919   0.866806   0.855722
       181        0.7   0.768911   0.800779   0.784521
       182       0.42   0.850048   0.823541   0.836585
       183       0.74   0.665326   0.822476   0.735602
       184       0.11   0.698145   0.668239   0.682865
       185       0.87   0.768356   0.933968   0.843106
       186       0.39   0.871152   0.874036   0.872592
       187       0.35   0.700362   0.806315   0.749613
       188       0.06   0.844305   0.644218   0.730814
       189        0.5   0.890816    0.81255   0.849885
       190        0.5   0.834694    0.88969   0.861315
       191       0.67   0.877529   0.922976   0.899679
       192       0.45     0.8439   0.903195   0.872541
       193        0.5    0.93178   0.834696    0.88057
       194       0.65   0.915283   0.903432   0.909319
       195       0.15    0.80991   0.696884   0.749158
       196        0.6   0.800691   0.855673   0.827269
       197       0.62   0.851454   0.800499    0.82519
       198       0.08   0.883846   0.727539   0.798111
       199       0.38   0.746662   0.703358   0.724364
       200       0.75    0.82006   0.888425   0.852874
