      0.01   0.957617     0.4192   0.583132
      0.02   0.945006   0.492463     0.6475
      0.03   0.939278   0.518719   0.668343
      0.04   0.932255   0.546312   0.688913
      0.05    0.92824   0.560482   0.698937
      0.06   0.923066   0.578412   0.711182
      0.07   0.919888   0.588661   0.717911
      0.08   0.915388   0.602145   0.726437
      0.09   0.912651   0.610358   0.731504
       0.1   0.908828   0.621401    0.73812
      0.11    0.90511   0.631389   0.743868
      0.12   0.902643   0.637749    0.74742
      0.13   0.899292   0.646516   0.752236
      0.14   0.897109   0.652022   0.755178
      0.15   0.893803   0.659864   0.759221
      0.16   0.891606    0.66475   0.761644
      0.17   0.888417   0.672045    0.76523
      0.18   0.886254   0.676573   0.767347
      0.19    0.88302   0.683109   0.770305
       0.2   0.880714   0.687136   0.771974
      0.21   0.877881   0.692919    0.77451
      0.22   0.874996   0.698525   0.776865
      0.23   0.873181   0.702288   0.778466
      0.24   0.870445   0.707485    0.78055
      0.25    0.86865   0.710888   0.781891
      0.26   0.865892   0.716011   0.783851
      0.27   0.864024    0.71929   0.785042
      0.28    0.86123   0.724218   0.786804
      0.29    0.85942   0.727388   0.787911
       0.3   0.856713   0.732103   0.789522
      0.31   0.853895   0.736809   0.791043
      0.32   0.852006   0.739766   0.791928
      0.33    0.84916   0.744298   0.793279
      0.34   0.847209   0.747333   0.794143
      0.35   0.844303   0.752085    0.79553
      0.36   0.842363   0.754895   0.796234
      0.37   0.839366    0.75935   0.797356
      0.38   0.837378   0.762344   0.798101
      0.39    0.83425   0.766696   0.799048
       0.4   0.832078   0.769489    0.79956
      0.41   0.829208   0.773743   0.800516
      0.42    0.82638   0.777769   0.801338
      0.43   0.824392   0.780496   0.801844
      0.44   0.821246   0.784726   0.802571
      0.45   0.819239    0.78744   0.803025
      0.46   0.815886   0.791408   0.803461
      0.47   0.813572   0.794153   0.803745
      0.48   0.810174   0.798271   0.804178
      0.49   0.807948   0.801094   0.804506
       0.5   0.804386   0.805305   0.804845
      0.51   0.800607   0.809312   0.804936
      0.52   0.798024   0.811924   0.804914
      0.53   0.794137     0.8162   0.805017
      0.54   0.791393    0.81899   0.804955
      0.55   0.787043   0.822886   0.804565
      0.56   0.784219   0.825696   0.804423
      0.57   0.779681    0.82992   0.804016
      0.58   0.776413   0.832775   0.803607
      0.59   0.771661     0.8369   0.802957
       0.6   0.768437   0.839612   0.802449
      0.61   0.763667   0.843575   0.801634
      0.62   0.758704   0.848069   0.800902
      0.63   0.755291    0.85077   0.800193
      0.64    0.74986   0.854985   0.798979
      0.65   0.746135   0.857838   0.798097
      0.66   0.740265   0.862113   0.796556
      0.67   0.736205    0.86508   0.795456
      0.68   0.729974   0.869451   0.793631
      0.69   0.725514   0.872291   0.792161
       0.7   0.718553     0.8766   0.789747
      0.71   0.711273   0.881037   0.787106
      0.72   0.706198   0.883996   0.785157
      0.73   0.698134   0.888445   0.781876
      0.74   0.692511   0.891513   0.779512
      0.75   0.683242   0.896222   0.775373
      0.76   0.676917   0.899393   0.772455
      0.77   0.666511    0.90452   0.767487
      0.78   0.659242   0.907989   0.763876
      0.79   0.647953   0.912375   0.757759
       0.8   0.640192   0.915514    0.75349
      0.81   0.627399   0.920139   0.746081
      0.82   0.613297    0.92493   0.737546
      0.83   0.603098   0.927935   0.731056
      0.84   0.586166   0.932809   0.719934
      0.85   0.573804   0.936007    0.71146
      0.86   0.554051   0.941127   0.697486
      0.87   0.539555   0.944626   0.686813
      0.88   0.515534   0.949566   0.668259
      0.89   0.497798   0.953335   0.654066
       0.9   0.468332   0.958547   0.629231
      0.91   0.434181   0.963936   0.598694
      0.92   0.408594   0.967591   0.574562
      0.93   0.364857   0.973043   0.530715
      0.94   0.331289    0.97646   0.494729
      0.95   0.272938   0.982207   0.427173
      0.96    0.22737    0.98557   0.369497
      0.97   0.150853   0.992382   0.261895
      0.98  0.0934089   0.996432   0.170806
      0.99  0.0166903          1  0.0328325
