      0.01   0.920762   0.406881   0.564369
      0.02   0.919585   0.442764   0.597731
      0.03   0.918954   0.455348   0.608955
      0.04   0.918198   0.469441   0.621256
      0.05   0.917694   0.477098   0.627807
      0.06    0.91696   0.487228   0.636337
      0.07   0.916389   0.493406   0.641443
      0.08    0.91545   0.502321   0.648694
      0.09   0.914846   0.507606   0.652931
       0.1   0.913906   0.514776   0.658589
      0.11   0.912802   0.522265   0.664393
      0.12   0.912106   0.526828   0.667887
      0.13   0.910987   0.533201   0.672681
      0.14   0.910183   0.537565   0.675922
      0.15   0.908971   0.543927    0.68059
      0.16   0.908155    0.54804    0.68357
      0.17   0.906902   0.554101   0.687905
      0.18   0.905986   0.558117   0.690725
      0.19   0.904652   0.563913   0.694754
       0.2   0.903614   0.567853   0.697426
      0.21    0.90204   0.573943   0.701525
      0.22   0.900365   0.579788    0.70536
      0.23   0.899137   0.583754   0.707908
      0.24   0.897084   0.589967   0.711812
      0.25   0.895678   0.593873   0.714201
      0.26   0.893183   0.600448   0.718129
      0.27   0.891561   0.604494   0.720486
      0.28   0.888863   0.611017   0.724205
      0.29   0.886917   0.615453   0.726659
       0.3    0.88387   0.622217   0.730315
      0.31   0.880443   0.629337   0.734008
      0.32   0.878003   0.634206   0.736452
      0.33   0.873905   0.641561   0.739922
      0.34   0.870634   0.646783   0.742197
      0.35   0.865673   0.654446   0.745384
      0.36   0.861823   0.659923   0.747479
      0.37   0.855575   0.668391   0.750488
      0.38   0.851073   0.673734   0.752091
      0.39   0.843158   0.682175   0.754171
       0.4    0.83764    0.68757   0.755222
      0.41   0.828554   0.695805   0.756399
      0.42   0.818812   0.703744    0.75693
      0.43   0.812548   0.708628   0.757038
      0.44   0.802583   0.715946   0.756793
      0.45   0.795152   0.721179   0.756361
      0.46   0.785734    0.72745    0.75547
      0.47   0.778987   0.731917   0.754719
      0.48   0.768127   0.739272   0.753423
      0.49   0.761999    0.74332   0.752544
       0.5   0.751344   0.750329   0.750836
      0.51   0.740124   0.757429   0.748677
      0.52   0.731391   0.762834   0.746782
      0.53   0.720159   0.769564   0.744042
      0.54   0.711691   0.774533   0.741784
      0.55   0.698051   0.782122   0.737699
      0.56    0.68844   0.787235    0.73453
      0.57   0.673133    0.79509   0.729046
      0.58   0.659849   0.801542   0.723826
      0.59   0.644679    0.80848   0.717347
       0.6   0.632727   0.813692   0.711889
      0.61   0.612944   0.821793   0.702168
      0.62   0.592056   0.829916   0.691092
      0.63   0.577196   0.835576   0.682759
      0.64   0.549588   0.845345   0.666113
      0.65   0.534849   0.850096   0.656593
      0.66    0.51008   0.857478   0.639654
      0.67   0.491163   0.862765   0.625968
      0.68   0.461742   0.870702   0.603462
      0.69   0.441301   0.875981   0.586923
       0.7   0.409365   0.884077   0.559608
      0.71   0.373529   0.892544   0.526654
      0.72   0.353623   0.896957    0.50726
      0.73   0.318637   0.904176   0.471215
      0.74   0.295248   0.909059    0.44573
      0.75   0.259966   0.915791   0.404972
      0.76   0.236688   0.920084   0.376518
      0.77   0.198373   0.926657   0.326789
      0.78   0.179213   0.929732   0.300502
      0.79   0.148916   0.934624     0.2569
       0.8   0.129258   0.938102    0.22721
      0.81   0.101845   0.942609   0.183828
      0.82  0.0778074    0.94739   0.143804
      0.83  0.0604003   0.951332   0.113589
      0.84  0.0446979   0.955232  0.0853997
      0.85  0.0351981   0.957573  0.0679003
      0.86  0.0230438   0.962002  0.0450095
      0.87  0.0166555     0.9642  0.0327454
      0.88 0.00963056    0.96685  0.0190712
      0.89 0.00653704   0.969704  0.0129865
       0.9 0.00320749   0.977963   0.006394
      0.91 0.00148153   0.982498  0.0029586
      0.92 0.000788751   0.987608 0.00157624
      0.93 0.000238125   0.983891 0.000476134
      0.94 8.06745e-05   0.996296 0.000161336
      0.95 2.48921e-05          1 4.9783e-05
      0.96 5.99811e-06          1 1.19961e-05
      0.97          0          0          0
      0.98          0          0          0
      0.99          0          0          0
