         1        0.4   0.913264   0.810236   0.858671
         2       0.38   0.908001   0.817563   0.860412
         3       0.37   0.919823   0.812293    0.86272
         4       0.42   0.849091   0.565269   0.678703
         5        0.4   0.842464   0.659959   0.740127
         6       0.37   0.908273   0.781976   0.840406
         7       0.38   0.842797   0.833311   0.838027
         8       0.39   0.873088     0.7669   0.816556
         9       0.22   0.926717   0.774724   0.843931
        10       0.38   0.819734   0.800673   0.810091
        11       0.35   0.878251   0.714683   0.788069
        12       0.46    0.83987    0.81981   0.829719
        13       0.47   0.844215   0.887239   0.865193
        14       0.57   0.883376   0.828445    0.85503
        15       0.43   0.819064   0.584764   0.682361
        16        0.5   0.811905   0.791239   0.801439
        17       0.38   0.851637   0.748361   0.796666
        18       0.33   0.888031   0.766843      0.823
        19       0.36   0.921447   0.744014   0.823279
        20       0.58   0.799011   0.776765   0.787731
        21        0.5   0.877386    0.77103   0.820777
        22       0.39   0.946331    0.71988   0.817717
        23       0.48   0.898218   0.786286   0.838533
        24       0.43   0.781934   0.788151    0.78503
        25       0.65   0.896561   0.863589   0.879766
        26       0.44   0.857016   0.778918   0.816103
        27       0.38   0.903836   0.602449    0.72299
        28        0.6   0.736966   0.818449   0.775573
        29       0.44   0.758595   0.686275   0.720625
        30       0.55   0.765906   0.830202   0.796759
        31       0.36   0.756532   0.601352   0.670075
        32       0.51   0.743243   0.748299   0.745763
        33       0.52   0.768947   0.813836   0.790755
        34       0.45   0.794403   0.811405   0.802814
        35       0.41   0.887135   0.845282   0.865703
        36       0.44    0.86479   0.749957   0.803291
        37       0.38   0.754865   0.439566     0.5556
        38       0.51   0.771909    0.67547   0.720477
        39       0.52   0.648829   0.643316    0.64606
        40       0.53   0.517417   0.458324   0.486081
        41       0.47   0.754342   0.586954   0.660203
        42       0.43   0.817158   0.581926   0.679767
        43        0.5   0.699089   0.472704   0.564028
        44       0.44   0.864578   0.635437   0.732506
        45       0.44   0.785753   0.687849   0.733549
        46       0.46   0.771496   0.714801   0.742067
        47       0.32   0.837765   0.747475   0.790048
        48       0.48   0.840793   0.835947   0.838363
        49       0.44   0.813441   0.626465   0.707814
        50       0.58   0.866614   0.750919   0.804629
        51       0.35   0.795458   0.654617   0.718198
        52       0.52   0.863865   0.890871    0.87716
        53       0.65   0.780268   0.835817   0.807088
        54   0.552727   0.809049   0.764041   0.785902
        55       0.53   0.876102   0.762087   0.815127
        56       0.58   0.823889   0.816509   0.820182
        57       0.42   0.801183   0.638398   0.710587
        58        0.4   0.851559   0.586687   0.694733
        59       0.52   0.940356   0.903998   0.921819
        60       0.64   0.807972    0.82777   0.817751
        61        0.6    0.63994   0.633707   0.636809
        62       0.58    0.83224   0.820955   0.826559
        63       0.71    0.70284   0.936723     0.8031
        64       0.39   0.808782    0.77332   0.790653
        65       0.62   0.622492   0.570632   0.595435
        66       0.55   0.799111   0.690303   0.740733
        67       0.44   0.897955   0.647954   0.752739
        68       0.35   0.859317   0.758128   0.805558
        69       0.43   0.854298   0.836584   0.845348
        70       0.42   0.806266   0.683345   0.739734
        71       0.51   0.787871   0.805116     0.7964
        72       0.43   0.916976    0.88769   0.902096
        73       0.56   0.767554   0.710099    0.73771
        74       0.65   0.668833   0.635775   0.651885
        75       0.44   0.890554    0.83711   0.863005
        76       0.43   0.838067   0.718645   0.773775
        77       0.53   0.831665   0.817431   0.824487
        78        0.4   0.820725   0.673093   0.739614
        79       0.37   0.804486   0.691724   0.743856
        80       0.52   0.719052   0.682901    0.70051
        81       0.54   0.846748   0.855472   0.851087
        82       0.56   0.843567   0.807746   0.825268
        83       0.46   0.797424   0.711927   0.752254
        84       0.72   0.872559   0.911433   0.891573
        85       0.72   0.709753   0.896142   0.792131
        86       0.58   0.729534   0.875398   0.795838
        87       0.52   0.757962   0.813443   0.784723
        88       0.55   0.786624   0.575758   0.664872
        89       0.51   0.878269   0.622853   0.728832
        90       0.43   0.761943   0.691042   0.724763
        91       0.46   0.725085   0.783362   0.753098
        92       0.36   0.899774   0.754781   0.820925
        93       0.47   0.766494   0.848575   0.805449
        94       0.64   0.843925   0.890549    0.86661
        95       0.32   0.843149   0.686768   0.756966
        96       0.48    0.82906   0.795625   0.811999
        97       0.58   0.754425   0.881788   0.813149
        98   0.519091   0.775885   0.796403    0.78601
        99       0.47    0.79117   0.777603   0.784328
       100       0.38   0.859425   0.725918    0.78705
       101       0.36   0.847707   0.857233   0.852444
       102       0.44   0.852385   0.934948    0.89176
       103       0.48   0.876203   0.903835   0.889805
       104       0.42     0.7848    0.80124   0.792935
       105       0.49   0.795887   0.823602   0.809507
       106       0.37   0.891416   0.802661   0.844714
       107       0.52   0.784699   0.689147   0.733825
       108       0.31   0.913435   0.766097   0.833303
       109       0.49   0.847286   0.804057   0.825106
       110       0.42   0.822678   0.848259   0.835273
       111       0.28   0.764063   0.733764   0.748607
       112       0.37   0.886094   0.760592    0.81856
       113       0.61   0.879023   0.903426   0.891057
       114       0.34   0.873897   0.744485   0.804017
       115       0.39   0.871253    0.74866   0.805318
       116        0.3   0.889623   0.812134   0.849114
       117       0.37   0.837766   0.801833   0.819406
       118       0.31   0.851318   0.894265   0.872264
       119        0.4   0.853105   0.847389   0.850237
       120       0.34   0.898124   0.868132   0.882873
       121       0.55   0.704598   0.625631    0.66277
       122       0.38   0.863049   0.836921   0.849784
       123       0.42   0.868039   0.842476   0.855067
       124       0.26   0.789303    0.86317   0.824586
       125       0.33   0.866716   0.892681   0.879507
       126   0.299394   0.818202   0.743651   0.779147
       127       0.23   0.905952   0.728202    0.80741
       128       0.33   0.823262   0.822606   0.822934
       129       0.41   0.848573   0.600068   0.703006
       130       0.37   0.865493   0.676268   0.759269
       131   0.406869   0.854564   0.728351   0.786426
       132       0.25   0.911991   0.569515   0.701168
       133       0.41   0.861453    0.83558   0.848319
       134       0.54   0.864184   0.854513   0.859321
       135       0.37   0.810751   0.776515   0.793264
       136       0.31   0.906273   0.748795   0.820042
       137       0.49   0.765171   0.639412   0.696662
       138       0.58   0.796742   0.586556   0.675681
       139       0.56   0.811925   0.569646   0.669542
       140   0.608384   0.644883   0.869219   0.740432
       141    0.60596   0.708372   0.655422   0.680869
       142       0.41   0.900891   0.849479    0.87443
       143        0.4   0.838975   0.745286    0.78936
       144       0.41   0.875661   0.706254   0.781887
       145       0.41   0.886164   0.784279   0.832115
       146        0.6   0.705664   0.869565   0.779088
       147       0.48    0.78127   0.780611    0.78094
       148    0.56202   0.731541   0.778205   0.754152
       149       0.35   0.804667   0.441565   0.570219
       150        0.6   0.496521   0.358664   0.416481
       151       0.48   0.832385   0.806516   0.819246
       152       0.52   0.769931   0.741526   0.755462
       153        0.7   0.571429    0.77197   0.656731
       154       0.66   0.535539   0.577279   0.555626
       155       0.54   0.887917   0.803742   0.843735
       156        0.4   0.853236   0.800428   0.825989
       157       0.49   0.758806   0.782793   0.770613
       158       0.38   0.825784   0.757466   0.790151
       159       0.42   0.829151   0.599423   0.695816
       160       0.38   0.786262   0.604214   0.683321
       161        0.4   0.865206   0.652964   0.744249
       162       0.36   0.917238   0.796453   0.852589
       163        0.4   0.857484   0.802562   0.829115
       164       0.34   0.754702   0.698994   0.725781
       165       0.45   0.852236   0.831849   0.841919
       166       0.41   0.857198   0.743961   0.796575
       167       0.44   0.836458   0.708394   0.767118
       168   0.547172   0.821045   0.757498   0.787993
       169        0.6   0.817548   0.840541   0.828885
       170       0.57   0.815131   0.727965   0.769086
       171       0.37   0.817565   0.701824   0.755286
       172       0.55   0.749396   0.760598   0.754956
       173       0.35   0.930763   0.659823   0.772217
       174       0.59   0.672404   0.843843   0.748431
       175       0.67   0.841219   0.762083   0.799698
       176       0.54   0.835407   0.854401   0.844797
       177       0.53    0.90444   0.671364   0.770665
       178       0.39   0.904381   0.703877    0.79163
       179       0.33   0.799562    0.71667    0.75585
       180       0.61   0.741452   0.720583   0.730868
       181       0.66   0.669592   0.678987   0.674257
       182       0.54   0.728078   0.788868   0.757255
       183       0.64   0.618852   0.657952   0.637804
       184       0.51   0.741851   0.730962   0.736366
       185       0.51    0.67675   0.702005   0.689146
       186   0.432626   0.816132   0.810395   0.813254
       187       0.46   0.862358   0.809399    0.83504
       188       0.52   0.720833    0.71824   0.719534
       189   0.385455   0.881848   0.737985   0.803528
       190       0.44    0.85824   0.806349   0.831486
       191   0.570404   0.694282   0.750199   0.721158
       192       0.41   0.813853   0.562594    0.66529
       193       0.34   0.807685   0.538685   0.646312
       194        0.6   0.784447   0.654617   0.713675
       195       0.48   0.787586   0.774936   0.781209
       196   0.597172   0.755562   0.673096   0.711949
       197       0.59    0.74046    0.83571   0.785207
       198       0.47       0.85   0.820933   0.835214
       199       0.42   0.721727   0.564453   0.633474
       200       0.59   0.674644   0.665996   0.670292
       201       0.31   0.830706   0.682625    0.74942
       202       0.39   0.837659   0.657119   0.736486
       203       0.55   0.823466   0.734528   0.776459
       204       0.41   0.856665   0.636844   0.730577
       205   0.402525   0.767722   0.736183   0.751622
       206       0.65   0.746711   0.835876   0.788781
       207       0.68   0.523083   0.739081     0.6126
       208       0.35   0.870454    0.82922   0.849337
       209       0.39   0.854829   0.818534   0.836288
       210       0.43   0.948948   0.773405    0.85223
       211       0.61    0.80791   0.866667   0.836257
       212       0.39   0.824798   0.794658   0.809447
       213       0.44   0.957918   0.770369   0.853967
       214       0.44   0.793911   0.862114   0.826608
       215       0.48   0.733433   0.898723   0.807708
       216   0.602525   0.757228   0.784165   0.770461
       217       0.59   0.708573   0.753544   0.730367
       218       0.24   0.848765   0.398334   0.542206
       219   0.437475   0.750813   0.702943    0.72609
       220       0.33   0.866401   0.734635   0.795096
       221       0.38   0.844248   0.623616    0.71735
       222       0.48   0.819977   0.660739   0.731796
       223       0.39     0.8987   0.733798    0.80792
       224       0.45   0.828975   0.660081    0.73495
       225        0.4   0.898955   0.788849    0.84031
       226       0.44   0.883799   0.706339   0.785167
       227       0.41   0.852385   0.836152    0.84419
       228       0.49   0.844174   0.788691    0.81549
       229       0.66   0.809579   0.864538   0.836156
       230       0.53   0.790353    0.81496   0.802468
       231       0.36   0.850037   0.682508   0.757116
       232       0.51   0.894081   0.761273    0.82235
       233   0.436869   0.873275   0.805039    0.83777
       234       0.42   0.903866   0.744259   0.816334
       235       0.42   0.888235    0.76589   0.822538
       236       0.38   0.817087   0.776384   0.796216
       237       0.58   0.841538    0.76557   0.801759
       238       0.58    0.72984   0.738389   0.734089
       239       0.55   0.811756   0.630757   0.709901
       240       0.42   0.797633   0.786033   0.791791
       241        0.4    0.87819   0.839419   0.858367
       242       0.42   0.785939   0.581793   0.668631
       243       0.73   0.857678   0.810978   0.833675
       244        0.6   0.885508   0.795615   0.838158
       245       0.64   0.897914   0.858968   0.878009
       246       0.52   0.685526    0.74292    0.71307
       247       0.54    0.75444   0.687705   0.719529
       248       0.42   0.768653   0.649452   0.704043
       249       0.44   0.768776   0.745306   0.756859
       250       0.46    0.85476   0.718318   0.780622
       251       0.57   0.734254   0.715365   0.724686
       252       0.49   0.821429    0.80747   0.814389
       253       0.51    0.75679   0.848148   0.799869
       254       0.47   0.749416   0.562181   0.642434
       255        0.5   0.901565   0.588268   0.711975
       256       0.48   0.834739   0.695471   0.758768
       257       0.51   0.839831   0.750547   0.792683
       258       0.53   0.821834   0.680159   0.744315
       259       0.33   0.826583   0.732319   0.776601
       260       0.46   0.777702   0.777808   0.777755
       261       0.48   0.845884    0.80978   0.827438
       262        0.4   0.911502   0.634552   0.748222
       263       0.37   0.932495   0.538222    0.68251
       264       0.36   0.830357   0.436731   0.572403
       265   0.472727   0.733702    0.58592   0.651536
       266       0.41    0.84898   0.752325   0.797735
       267       0.59   0.804104   0.753832   0.778157
       268   0.713838   0.844706   0.879096   0.861558
       269       0.56   0.835644   0.791086   0.812755
       270       0.59   0.801329   0.752899    0.77636
       271        0.4   0.881274   0.789906   0.833092
       272       0.41   0.817572   0.596846   0.689986
       273       0.57    0.78198   0.525264   0.628415
       274       0.57   0.648471   0.667833    0.65801
       275        0.5   0.698908   0.714851   0.706789
       276       0.56   0.785465   0.640213   0.705439
       277       0.49   0.574632   0.644278   0.607465
       278       0.51   0.778746   0.798036   0.788273
       279       0.53   0.779015   0.802382   0.790526
       280       0.41   0.859047   0.648466   0.739049
       281       0.51    0.78564   0.773609   0.779578
       282       0.38   0.839314   0.719904   0.775037
       283       0.45   0.649896   0.682207    0.66566
       284       0.39   0.826699   0.674381   0.742812
       285       0.65   0.580857   0.787242   0.668482
       286       0.49   0.692295   0.797305   0.741099
       287       0.52   0.853926   0.748052   0.797491
       288       0.38   0.835943   0.812005     0.8238
       289       0.74   0.913237   0.745749   0.821039
       290       0.69   0.693313   0.803811   0.744485
       291       0.43   0.822144   0.743293   0.780733
       292       0.42   0.845787   0.818487   0.831913
       293       0.22   0.786876   0.795068   0.790951
       294       0.45    0.76793   0.798504   0.782919
       295        0.5   0.820556   0.776494   0.797917
       296       0.35   0.872289   0.758107     0.8112
       297       0.44   0.812709   0.736364   0.772655
       298       0.54   0.835607    0.72483   0.776286
       299       0.59   0.622705   0.676588   0.648529
       300       0.59   0.843012   0.782728   0.811752
       301       0.64   0.685871   0.789259   0.733942
       302       0.48   0.823359   0.755369     0.7879
       303       0.47   0.798165   0.606272   0.689109
       304       0.56   0.803037   0.791204   0.797077
       305       0.41    0.74489   0.596387   0.662417
       306       0.34   0.766922    0.74058   0.753521
       307       0.38   0.828393   0.661064    0.73533
       308       0.53   0.706892    0.66865   0.687239
       309        0.4   0.861937   0.638719   0.733727
       310       0.58   0.831522   0.524571   0.643308
       311       0.43   0.895273   0.648534   0.752185
       312       0.49   0.790868   0.802397   0.796591
       313       0.41   0.753396   0.867916   0.806612
       314       0.58   0.790541   0.617672   0.693496
       315       0.52   0.816348   0.809445   0.812882
       316       0.52   0.741118   0.688379   0.713776
       317        0.6   0.762604   0.838407   0.798711
       318       0.36   0.813054   0.783272   0.797886
       319   0.401717   0.824129    0.70942   0.762485
       320       0.54   0.733005   0.779457   0.755518
       321       0.55    0.86939   0.712673   0.783269
       322       0.39   0.782664   0.731824   0.756391
       323       0.59   0.814346   0.851323   0.832424
       324       0.55   0.873851   0.786567   0.827915
       325       0.54   0.825891   0.778475   0.801482
       326       0.39   0.862021   0.721111   0.785295
       327       0.58   0.761646   0.799211   0.779976
       328       0.54   0.790775   0.705468    0.74569
       329        0.5   0.863103   0.693194   0.768873
       330       0.38       0.75   0.676112   0.711142
       331       0.55   0.840056   0.771111   0.804108
       332       0.42   0.822218   0.752314   0.785714
       333       0.51   0.773987   0.818907   0.795814
       334       0.58   0.864075   0.842329   0.853063
       335        0.5   0.763548    0.83711   0.798638
       336       0.46    0.76892   0.771215   0.770066
       337       0.57   0.900621   0.682447     0.7765
       338       0.56   0.868186   0.834264   0.850887
       339       0.63   0.774216   0.783299   0.778731
       340       0.42   0.867113   0.756668   0.808135
       341       0.47   0.865998   0.758751   0.808835
       342       0.56   0.673013   0.798494   0.730403
       343       0.44   0.797517    0.71641   0.754791
       344       0.41   0.825413   0.788468   0.806517
       345       0.34   0.858468   0.756069   0.804021
       346       0.41   0.801795   0.794086   0.797922
       347       0.49   0.806116   0.782528   0.794147
       348       0.37   0.851842   0.806105   0.828343
       349        0.4   0.843489    0.80942   0.826103
       350       0.36   0.930672   0.663445    0.77466
       351        0.3   0.860828   0.698705   0.771339
       352       0.48   0.881222   0.755205   0.813361
       353       0.41   0.825665   0.744556   0.783016
       354       0.45   0.878525    0.75596   0.812647
       355       0.56   0.832456   0.752379   0.790394
       356       0.37   0.819538   0.679494   0.742974
       357       0.45   0.866409    0.68866   0.767376
       358       0.37    0.73335   0.820531   0.774495
       359       0.33   0.860321     0.5832    0.69516
       360       0.41   0.825607    0.70885   0.762786
       361       0.37   0.843394   0.714961   0.773885
       362       0.39   0.845517   0.624909   0.718664
       363       0.64     0.8064   0.735552   0.769348
       364       0.52   0.675644    0.68795   0.681742
       365       0.42   0.871233    0.66138    0.75194
       366       0.38   0.868852   0.668996   0.755938
       367       0.25   0.906116   0.666491   0.768047
       368   0.379798   0.739314   0.665924   0.700702
       369       0.37   0.848349   0.817361   0.832567
       370       0.41    0.79563   0.843612   0.818918
       371       0.49   0.773113   0.853201   0.811185
       372       0.43   0.844854   0.673469   0.749489
       373        0.5   0.814567   0.797197   0.805788
       374       0.47   0.874348    0.79954   0.835272
       375       0.57   0.762553    0.87192   0.813578
       376       0.52   0.769607   0.767436    0.76852
       377       0.34   0.844846   0.764857   0.802864
       378       0.23   0.810431   0.710927   0.757425
       379       0.46   0.820608    0.76161   0.790009
       380       0.38   0.886776   0.714858    0.79159
       381       0.57   0.777727   0.716151    0.74567
       382       0.38   0.881824   0.704896   0.783496
       383        0.4    0.84159     0.8049   0.822836
       384   0.302121    0.72639   0.550525   0.626347
       385       0.37   0.837625   0.751024   0.791964
       386       0.51   0.745906   0.829277   0.785385
       387       0.35   0.845665   0.716238   0.775589
       388       0.42   0.765408   0.869662   0.814211
       389        0.6   0.834627   0.858722   0.846503
       390       0.47   0.838172   0.815147   0.826499
       391       0.61   0.920682    0.86939   0.894301
       392       0.71   0.804729   0.849746   0.826625
       393       0.57   0.805923   0.750871   0.777423
       394       0.53   0.875719   0.906816   0.890996
       395       0.54    0.90224    0.74251   0.814619
       396       0.66   0.816712    0.83887   0.827643
       397       0.49   0.831452   0.764553     0.7966
       398       0.36    0.81114   0.681368   0.740612
       399       0.49   0.886171   0.779647   0.829503
       400       0.44   0.897132        0.8   0.845786
       401       0.41   0.863948     0.7584   0.807741
       402       0.42   0.810816   0.735724   0.771447
       403       0.45   0.711835   0.718154    0.71498
       404       0.36   0.868416   0.750041   0.804899
       405        0.4    0.92053   0.733648   0.816532
       406       0.38   0.860759    0.74942    0.80124
       407       0.42   0.871195   0.741603   0.801192
       408       0.62   0.813934   0.818054   0.815989
       409       0.41    0.90897   0.785646    0.84282
       410       0.42   0.906682   0.840248   0.872201
       411       0.42   0.882181   0.705586   0.784062
       412       0.65   0.775096   0.891032    0.82903
       413        0.6   0.864519   0.737231   0.795817
       414       0.74   0.860646   0.812814   0.836046
       415   0.707879   0.665696   0.725614   0.694364
       416        0.4   0.836757   0.727672   0.778411
       417       0.48   0.885387   0.772796   0.825269
       418       0.36   0.891892   0.785388   0.835259
       419       0.66   0.694639   0.789753   0.739148
       420       0.28   0.751737   0.725685   0.738481
       421   0.496465    0.77971   0.862338   0.818945
       422        0.5   0.869897   0.770085   0.816953
       423   0.444949    0.84199   0.770325   0.804565
       424       0.38   0.869338   0.652617   0.745547
       425       0.46    0.72704   0.810371   0.766447
       426        0.5   0.873652   0.759328   0.812488
       427       0.53   0.779331   0.759329     0.7692
       428       0.53   0.800176   0.835205   0.817315
       429       0.42   0.802615   0.830584    0.81636
       430       0.34   0.865104   0.767955    0.81364
       431        0.6   0.780831   0.725869   0.752347
       432       0.65   0.836825   0.767618   0.800729
       433       0.45   0.835412   0.677375   0.748138
       434       0.41   0.889466   0.769576   0.825189
       435    0.34101   0.866358   0.724815   0.789291
       436       0.35   0.796402   0.723814   0.758375
       437       0.42   0.855644   0.843781   0.849671
       438       0.42   0.813884    0.76181   0.786987
       439       0.49   0.771869   0.754568    0.76312
       440       0.45   0.781322   0.811198    0.79598
       441       0.62   0.830552   0.820144   0.825315
       442       0.39   0.864017   0.756284   0.806569
       443       0.39   0.870856   0.864035   0.867432
       444       0.44   0.825371   0.745398   0.783349
       445       0.45   0.895551   0.754327   0.818895
       446       0.39   0.764574   0.768351   0.766458
       447       0.31   0.860098   0.740218   0.795668
       448       0.44   0.812424   0.816152   0.814284
       449       0.41   0.790209   0.820861   0.805243
       450       0.62   0.606818   0.639436     0.6227
       451        0.5   0.762718   0.773489   0.768066
       452       0.59   0.616388   0.568421   0.591434
       453        0.3   0.819946   0.775783   0.797253
       454       0.47    0.63509   0.682165   0.657786
       455       0.33   0.829584   0.638805   0.721801
       456       0.39    0.77628   0.768596   0.772419
       457       0.55   0.750646   0.696503   0.722562
       458       0.41   0.840993   0.832792   0.836872
       459       0.53   0.842999   0.788612   0.814899
       460       0.47   0.855853     0.9476   0.899393
       461       0.46   0.755617   0.696068   0.724621
       462   0.356869   0.801994   0.737224   0.768246
       463       0.62   0.631362    0.62069    0.62598
       464       0.44   0.836035   0.753846   0.792816
       465       0.42   0.765995   0.730618   0.747888
       466       0.37   0.754778   0.763803   0.759264
       467        0.4    0.81171   0.711617   0.758375
       468        0.4   0.771273   0.522806   0.623187
       469       0.49   0.721364   0.635892   0.675937
       470       0.42   0.861474   0.692308   0.767682
       471       0.44   0.930196   0.497796    0.64853
       472       0.45   0.951047   0.903017    0.92641
       473       0.63   0.752621    0.76812   0.760291
       474   0.399293   0.836866   0.833022   0.834939
       475       0.66   0.619429   0.793504   0.695743
       476       0.33   0.832869   0.727494   0.776623
       477       0.37   0.823014   0.693391   0.752663
       478       0.57   0.783568    0.82549   0.803983
       479       0.45   0.865821   0.830817   0.847958
       480       0.56   0.736131   0.724854   0.730449
       481       0.41   0.834398   0.702088   0.762546
       482       0.33   0.772188   0.717796   0.743999
       483       0.44   0.916409   0.627784   0.745123
       484       0.66   0.773953   0.685056   0.726796
       485       0.75   0.611932   0.714191   0.659119
       486       0.63   0.746548   0.733245   0.739836
       487       0.41   0.824385   0.616354    0.70535
       488        0.5   0.859996   0.715373   0.781046
       489       0.59    0.79021    0.77546   0.782765
       490       0.41   0.882482   0.776613    0.82617
       491       0.64   0.591537   0.592561   0.592048
       492       0.46   0.866115   0.762345   0.810924
       493       0.43   0.803576   0.833171   0.818106
       494       0.38   0.841028   0.878238    0.85923
       495       0.43   0.880179   0.811704   0.844556
       496       0.38   0.772312   0.827223   0.798825
       497       0.35   0.800718   0.670926   0.730098
       498       0.55   0.756118   0.644934   0.696114
       499       0.41   0.812732   0.733175   0.770907
       500       0.69   0.746318   0.667643   0.704791
       501       0.55   0.756974   0.796914   0.776431
       502       0.38   0.796889   0.697943   0.744141
       503       0.82   0.841831   0.898889   0.869425
       504       0.46   0.886759   0.676571   0.767535
       505        0.4   0.772987   0.780131   0.776543
       506       0.42   0.790085   0.882544   0.833759
       507       0.62   0.676558   0.694275   0.685302
       508       0.42   0.834647   0.707403   0.765775
       509       0.56   0.767718   0.849552   0.806564
       510       0.53   0.861602   0.766771   0.811425
       511   0.431919   0.743976   0.702097    0.72243
       512       0.46   0.714286   0.732708    0.72338
       513       0.44   0.658594   0.680644   0.669437
       514       0.53   0.843102   0.813279   0.827922
       515       0.42   0.791436   0.719543   0.753779
       516       0.57   0.799461   0.729284   0.762762
       517       0.68   0.827874   0.662852   0.736229
       518       0.46   0.749069   0.780039   0.764241
       519        0.5   0.763463   0.876119    0.81592
       520       0.36   0.825004   0.783352   0.803639
       521        0.5   0.751163    0.82237   0.785155
       522        0.7   0.653441   0.676163   0.664608
       523       0.58   0.718531   0.566802   0.633711
       524   0.629091    0.71053   0.706577   0.708548
       525       0.39   0.887321   0.688513   0.775376
       526       0.46   0.789201   0.739853    0.76373
       527       0.48   0.740111    0.77296   0.756179
       528       0.48   0.683966    0.75164   0.716208
       529       0.62   0.705918   0.611024   0.655052
       530       0.32    0.84353   0.520781    0.64398
       531       0.55   0.863799   0.763786    0.81072
       532       0.46   0.849599   0.795789   0.821814
       533        0.5   0.827424   0.722294   0.771293
       534       0.41   0.765037   0.708237   0.735542
       535       0.38   0.914329   0.882922   0.898351
       536       0.43   0.929979    0.72013   0.811711
       537       0.52   0.823674   0.760223   0.790678
       538       0.48   0.797864   0.619792   0.697644
       539       0.28   0.815093   0.610822   0.698326
       540       0.37   0.817223   0.654725   0.727004
       541       0.35   0.829241   0.535801   0.650981
       542       0.39   0.748755   0.621877   0.679443
       543       0.23   0.874524   0.701148   0.778297
       544       0.38   0.884615   0.711989    0.78897
       545       0.41   0.788295   0.803043     0.7956
       546       0.49   0.682114   0.801268   0.736906
       547       0.32   0.843291   0.811031   0.826846
       548       0.47   0.780515    0.46459   0.582472
       549       0.46   0.756314   0.903677   0.823454
       550       0.63   0.766045   0.905433   0.829927
       551       0.58   0.779189   0.843229   0.809945
       552       0.44   0.862484   0.846196   0.854262
       553       0.36   0.860443   0.769928   0.812673
       554       0.36   0.808142   0.705609   0.753403
       555       0.38   0.835776   0.798549   0.816739
       556       0.43   0.842977   0.801916   0.821934
       557       0.53   0.895376   0.813457   0.852453
       558       0.42   0.809838   0.752685   0.780216
       559       0.46   0.738975   0.541718   0.625155
       560       0.23   0.866757   0.531718   0.659104
       561       0.39   0.833398    0.81457   0.823877
       562       0.33   0.890188   0.874625   0.882338
       563       0.36   0.873044   0.715727   0.786597
       564       0.32   0.862281   0.660803   0.748216
       565       0.37   0.801531   0.451709   0.577797
       566       0.38   0.874912    0.79647    0.83385
       567       0.37   0.821034    0.70557   0.758935
       568       0.33   0.878904   0.609189   0.719603
       569       0.36    0.87811   0.718512   0.790334
       570       0.29   0.816536   0.654445    0.72656
       571       0.38   0.877571   0.827024   0.851548
       572       0.46   0.927548   0.759864   0.835374
       573       0.43   0.769999   0.730704   0.749837
       574        0.5   0.818578   0.858056   0.837852
       575       0.38   0.825288   0.837555   0.831376
       576       0.31   0.879606   0.751606   0.810584
       577       0.33   0.855789    0.44566   0.586102
       578       0.21   0.701488   0.528226   0.602651
       579       0.51    0.81591   0.884838   0.848977
       580        0.6   0.771713   0.694243   0.730931
       581       0.69   0.805946   0.791009   0.798408
       582       0.42   0.816228   0.628421   0.710117
       583       0.73   0.761824   0.862149   0.808887
       584       0.41   0.878862    0.73949   0.803175
       585        0.5    0.90006    0.85486   0.876878
       586       0.36   0.834712   0.773311   0.802839
       587       0.38   0.829836   0.744647   0.784936
       588       0.38     0.8311    0.67806    0.74682
       589       0.38   0.891027   0.564229   0.690935
       590       0.39   0.789806   0.800295   0.795016
       591       0.48   0.704883   0.653394   0.678163
       592       0.35   0.805602   0.893022   0.847062
       593       0.54   0.725525    0.71153   0.718459
       594       0.42   0.719036   0.688859   0.703624
       595   0.635556   0.697321   0.845256   0.764195
       596       0.29   0.684531   0.827382   0.749208
       597       0.39   0.787296   0.743388   0.764713
       598       0.41   0.896924   0.720294   0.798963
       599       0.34   0.868716   0.713585   0.783546
       600       0.35   0.830909   0.806477    0.81851
       601       0.42   0.938116   0.687437   0.793448
       602    0.58202   0.747324   0.624185   0.680226
       603       0.39   0.871805   0.837446    0.85428
       604   0.607475   0.876359   0.793385   0.832811
       605       0.35   0.731293    0.87118   0.795131
       606       0.53   0.843239   0.840852   0.842044
       607   0.572222   0.827367   0.818922   0.823123
       608       0.35   0.797528   0.696838   0.743791
       609       0.32   0.883135   0.735871   0.802805
       610       0.31   0.839262   0.806148   0.822372
       611       0.42   0.905774   0.792321   0.845258
       612       0.27   0.899298   0.692738   0.782618
       613       0.29   0.878138   0.707522   0.783651
       614       0.49   0.777441   0.753153   0.765105
       615        0.5    0.83978   0.782216   0.809976
       616       0.37   0.935229   0.778509   0.849703
       617        0.4    0.82252   0.804918   0.813624
       618   0.361919   0.820702   0.737339    0.77679
       619       0.51   0.875478   0.663707   0.755024
       620       0.44   0.808079   0.760458   0.783546
       621       0.59   0.841182   0.852934   0.847017
       622       0.44   0.911009   0.602792   0.725523
       623       0.52   0.739339   0.778205   0.758274
       624       0.55   0.712593   0.602128    0.65272
       625        0.3    0.87545   0.714765   0.786989
       626       0.32   0.853957   0.888578   0.870924
       627       0.43   0.858857   0.585776   0.696506
       628       0.62   0.872754   0.831471   0.851613
       629        0.5   0.901196    0.71136   0.795104
       630       0.49   0.908021   0.796135   0.848405
       631       0.46   0.819168   0.715434   0.763795
       632       0.33   0.888307   0.805181   0.844704
       633        0.5   0.883889   0.608418   0.720728
       634       0.57   0.876669   0.807588   0.840712
       635        0.5   0.870721   0.753194   0.807705
       636       0.43   0.867075   0.788043   0.825672
       637        0.5   0.892003   0.763424    0.82272
       638       0.42   0.825329   0.805322   0.815203
       639       0.66   0.852189   0.914861   0.882414
       640       0.63    0.82045   0.821125   0.820787
       641       0.42   0.791944    0.83265   0.811787
       642       0.47   0.844174   0.642105   0.729403
       643       0.37   0.874232   0.640766    0.73951
       644   0.401717   0.841756   0.751562   0.794106
       645       0.39   0.861572   0.615662   0.718149
       646       0.47   0.836273   0.837505   0.836889
       647        0.5   0.717629   0.827338   0.768588
       648       0.39   0.783166   0.749147   0.765779
       649       0.38   0.787124   0.791883   0.789496
       650       0.49   0.785969   0.736027   0.760178
       651       0.39   0.827824   0.710717   0.764813
       652       0.47   0.810974   0.767696   0.788742
       653       0.39   0.901359   0.729375   0.806298
       654       0.43   0.856644   0.726465   0.786202
